 25.290000915527344 2.5223372357846707e-44 2.6624670822171524e-44 2.382207389352189e-44 26214 16842
 2.5223372357846707e-44 2.6624670822171524e-44 2.382207389352189e-44 25.329999923706055 18 0
 2.6624670822171524e-44 2.382207389352189e-44 25.350000381469727 2.5223372357846707e-44 19 0
 2.382207389352189e-44 25.3700008392334 2.5223372357846707e-44 2.6624670822171524e-44 17 0
 25.389999389648438 2.5223372357846707e-44 2.6624670822171524e-44 2.382207389352189e-44 18350 16843
 2.5223372357846707e-44 2.6624670822171524e-44 2.382207389352189e-44 25.43000030517578 18 0
 2.6624670822171524e-44 2.382207389352189e-44 25.450000762939453 2.5223372357846707e-44 19 0
 2.382207389352189e-44 25.469999313354492 2.5223372357846707e-44 2.6624670822171524e-44 17 0
 25.489999771118164 2.5223372357846707e-44 2.6624670822171524e-44 2.382207389352189e-44 5243 16844
 2.5223372357846707e-44 2.6624670822171524e-44 2.382207389352189e-44 25.520000457763672 18 0
 2.6624670822171524e-44 2.382207389352189e-44 25.549999237060547 2.5223372357846707e-44 19 0
 2.382207389352189e-44 25.56999969482422 2.5223372357846707e-44 2.6624670822171524e-44 17 0
 25.59000015258789 2.5223372357846707e-44 2.6624670822171524e-44 2.382207389352189e-44 57672 16844
 2.5223372357846707e-44 2.6624670822171524e-44 2.382207389352189e-44 25.6299991607666 18 0
 2.6624670822171524e-44 2.382207389352189e-44 25.649999618530273 2.5223372357846707e-44 19 0
 2.382207389352189e-44 25.670000076293945 2.5223372357846707e-44 2.6624670822171524e-44 17 0
 25.690000534057617 2.5223372357846707e-44 2.6624670822171524e-44 2.382207389352189e-44 44564 16845
 2.5223372357846707e-44 2.6624670822171524e-44 2.382207389352189e-44 25.729999542236328 18 0
 2.6624670822171524e-44 2.382207389352189e-44 25.739999771118164 2.5223372357846707e-44 19 0
 2.382207389352189e-44 25.770000457763672 2.5223372357846707e-44 2.6624670822171524e-44 17 0
 25.790000915527344 2.5223372357846707e-44 2.6624670822171524e-44 2.382207389352189e-44 31457 16846
 2.5223372357846707e-44 2.6624670822171524e-44 2.382207389352189e-44 25.829999923706055 18 0
 2.6624670822171524e-44 2.382207389352189e-44 25.850000381469727 2.5223372357846707e-44 19 0
 2.382207389352189e-44 25.8700008392334 2.5223372357846707e-44 2.6624670822171524e-44 17 0
 25.889999389648438 2.5223372357846707e-44 2.6624670822171524e-44 2.382207389352189e-44 18350 16847
 2.5223372357846707e-44 2.6624670822171524e-44 2.382207389352189e-44 25.93000030517578 18 0
 2.6624670822171524e-44 2.382207389352189e-44 25.950000762939453 2.5223372357846707e-44 19 0
 2.382207389352189e-44 25.959999084472656 2.5223372357846707e-44 2.6624670822171524e-44 17 0
 25.989999771118164 2.5223372357846707e-44 2.6624670822171524e-44 2.382207389352189e-44 5243 16848
 2.5223372357846707e-44 2.6624670822171524e-44 2.382207389352189e-44 26.030000686645508 18 0
 2.6624670822171524e-44 2.382207389352189e-44 26.049999237060547 2.5223372357846707e-44 19 0
 2.382207389352189e-44 26.06999969482422 2.5223372357846707e-44 2.6624670822171524e-44 17 0
 26.09000015258789 2.5223372357846707e-44 2.6624670822171524e-44 2.382207389352189e-44 57672 16848
 2.5223372357846707e-44 2.6624670822171524e-44 2.382207389352189e-44 26.1299991607666 18 0
 2.6624670822171524e-44 2.382207389352189e-44 26.149999618530273 2.5223372357846707e-44 19 0
 2.382207389352189e-44 26.170000076293945 2.5223372357846707e-44 2.6624670822171524e-44 17 0
 26.18000030517578 2.5223372357846707e-44 2.6624670822171524e-44 2.382207389352189e-44 44564 16849
 2.5223372357846707e-44 2.6624670822171524e-44 2.382207389352189e-44 26.229999542236328 18 0
 2.6624670822171524e-44 2.382207389352189e-44 26.25 2.5223372357846707e-44 19 0
 2.382207389352189e-44 26.270000457763672 2.5223372357846707e-44 2.6624670822171524e-44 17 0
 26.290000915527344 2.5223372357846707e-44 2.6624670822171524e-44 2.382207389352189e-44 31457 16850
 2.5223372357846707e-44 2.6624670822171524e-44 2.382207389352189e-44 26.329999923706055 18 0
 2.6624670822171524e-44 2.382207389352189e-44 26.350000381469727 2.5223372357846707e-44 19 0
 2.382207389352189e-44 26.3700008392334 2.5223372357846707e-44 2.6624670822171524e-44 17 0
 26.389999389648438 2.5223372357846707e-44 2.6624670822171524e-44 2.382207389352189e-44 13107 16851
 2.5223372357846707e-44 2.6624670822171524e-44 2.382207389352189e-44 26.43000030517578 18 0
 2.6624670822171524e-44 2.382207389352189e-44 26.450000762939453 2.5223372357846707e-44 19 0
 2.382207389352189e-44 26.469999313354492 2.5223372357846707e-44 2.6624670822171524e-44 17 0
 26.489999771118164 2.5223372357846707e-44 2.6624670822171524e-44 2.382207389352189e-44 5243 16852
 2.5223372357846707e-44 2.6624670822171524e-44 2.382207389352189e-44 26.530000686645508 18 0
 2.6624670822171524e-44 2.382207389352189e-44 26.549999237060547 2.5223372357846707e-44 19 0
 2.382207389352189e-44 26.56999969482422 2.5223372357846707e-44 2.6624670822171524e-44 17 0
 26.59000015258789 2.5223372357846707e-44 2.6624670822171524e-44 2.382207389352189e-44 57672 16852
 2.5223372357846707e-44 2.6624670822171524e-44 2.382207389352189e-44 26.6200008392334 18 0
 2.6624670822171524e-44 2.382207389352189e-44 26.649999618530273 2.5223372357846707e-44 19 0
 2.382207389352189e-44 26.670000076293945 2.5223372357846707e-44 2.6624670822171524e-44 17 0
 26.690000534057617 2.5223372357846707e-44 2.6624670822171524e-44 2.382207389352189e-44 44564 16853
 2.5223372357846707e-44 2.6624670822171524e-44 2.382207389352189e-44 26.729999542236328 18 0
 2.6624670822171524e-44 2.382207389352189e-44 26.75 2.5223372357846707e-44 19 0
 2.382207389352189e-44 26.770000457763672 2.5223372357846707e-44 2.6624670822171524e-44 17 0
 26.790000915527344 2.5223372357846707e-44 2.6624670822171524e-44 2.382207389352189e-44 31457 16854
 2.5223372357846707e-44 2.6624670822171524e-44 2.382207389352189e-44 26.829999923706055 18 0
 2.6624670822171524e-44 2.382207389352189e-44 26.84000015258789 2.5223372357846707e-44 19 0
 2.382207389352189e-44 26.8700008392334 2.5223372357846707e-44 2.6624670822171524e-44 17 0
 26.889999389648438 2.5223372357846707e-44 2.6624670822171524e-44 2.382207389352189e-44 18350 16855
 2.5223372357846707e-44 2.6624670822171524e-44 2.382207389352189e-44 26.93000030517578 18 0
 2.6624670822171524e-44 2.382207389352189e-44 26.950000762939453 2.5223372357846707e-44 19 0
 2.382207389352189e-44 26.969999313354492 2.5223372357846707e-44 2.6624670822171524e-44 17 0
 26.989999771118164 2.5223372357846707e-44 2.6624670822171524e-44 2.382207389352189e-44 5243 16856
 2.5223372357846707e-44 2.6624670822171524e-44 2.382207389352189e-44 27.030000686645508 18 0
 2.6624670822171524e-44 2.382207389352189e-44 27.049999237060547 2.5223372357846707e-44 19 0
 2.382207389352189e-44 27.059999465942383 2.5223372357846707e-44 2.6624670822171524e-44 17 0
 27.09000015258789 2.5223372357846707e-44 2.6624670822171524e-44 2.382207389352189e-44 57672 16856
 2.5223372357846707e-44 2.6624670822171524e-44 2.382207389352189e-44 27.1299991607666 18 0
 2.6624670822171524e-44 2.382207389352189e-44 27.149999618530273 2.5223372357846707e-44 19 0
 2.382207389352189e-44 27.170000076293945 2.5223372357846707e-44 2.6624670822171524e-44 17 0
 27.190000534057617 2.5223372357846707e-44 2.6624670822171524e-44 2.382207389352189e-44 44564 16857
 2.5223372357846707e-44 2.6624670822171524e-44 2.382207389352189e-44 27.229999542236328 18 0
 2.6624670822171524e-44 2.382207389352189e-44 27.25 2.5223372357846707e-44 19 0
 2.382207389352189e-44 27.270000457763672 2.5223372357846707e-44 2.6624670822171524e-44 17 0
 27.280000686645508 2.5223372357846707e-44 2.6624670822171524e-44 2.382207389352189e-44 31457 16858
 2.5223372357846707e-44 2.6624670822171524e-44 2.382207389352189e-44 27.329999923706055 18 0
 2.6624670822171524e-44 2.382207389352189e-44 27.350000381469727 2.5223372357846707e-44 19 0
 2.382207389352189e-44 27.3700008392334 2.5223372357846707e-44 2.6624670822171524e-44 17 0
 27.389999389648438 2.5223372357846707e-44 2.6624670822171524e-44 2.382207389352189e-44 18350 16859
 2.5223372357846707e-44 2.6624670822171524e-44 2.382207389352189e-44 27.43000030517578 18 0
 2.6624670822171524e-44 2.382207389352189e-44 27.450000762939453 2.5223372357846707e-44 19 0
 2.382207389352189e-44 27.469999313354492 2.5223372357846707e-44 2.6624670822171524e-44 17 0
 27.489999771118164 2.5223372357846707e-44 2.6624670822171524e-44 2.382207389352189e-44 0 16860
 2.5223372357846707e-44 2.6624670822171524e-44 2.382207389352189e-44 27.530000686645508 18 0
 2.6624670822171524e-44 2.382207389352189e-44 27.549999237060547 2.5223372357846707e-44 19 0
 2.382207389352189e-44 27.56999969482422 2.5223372357846707e-44 2.6624670822171524e-44 17 0
 27.59000015258789 2.5223372357846707e-44 2.6624670822171524e-44 2.382207389352189e-44 57672 16860
 2.5223372357846707e-44 2.6624670822171524e-44 2.382207389352189e-44 27.6299991607666 18 0
 2.6624670822171524e-44 2.382207389352189e-44 27.649999618530273 2.5223372357846707e-44 19 0
 2.382207389352189e-44 27.670000076293945 2.5223372357846707e-44 2.6624670822171524e-44 17 0
 27.690000534057617 2.5223372357846707e-44 2.6624670822171524e-44 2.382207389352189e-44 44564 16861
 2.5223372357846707e-44 2.6624670822171524e-44 2.382207389352189e-44 27.719999313354492 18 0
 2.6624670822171524e-44 2.382207389352189e-44 27.75 2.5223372357846707e-44 19 0
 2.382207389352189e-44 27.770000457763672 2.5223372357846707e-44 2.6624670822171524e-44 17 0
 27.790000915527344 2.5223372357846707e-44 2.6624670822171524e-44 2.382207389352189e-44 31457 16862
 2.5223372357846707e-44 2.6624670822171524e-44 2.382207389352189e-44 27.829999923706055 18 0
 2.6624670822171524e-44 2.382207389352189e-44 27.850000381469727 2.5223372357846707e-44 19 0
 2.382207389352189e-44 27.8700008392334 2.5223372357846707e-44 2.6624670822171524e-44 17 0
 27.889999389648438 2.5223372357846707e-44 2.6624670822171524e-44 2.382207389352189e-44 18350 16863
 2.5223372357846707e-44 2.6624670822171524e-44 2.382207389352189e-44 27.93000030517578 18 0
 2.6624670822171524e-44 2.382207389352189e-44 27.940000534057617 2.5223372357846707e-44 19 0
 2.382207389352189e-44 27.969999313354492 2.5223372357846707e-44 2.6624670822171524e-44 17 0
 27.989999771118164 2.5223372357846707e-44 2.6624670822171524e-44 2.382207389352189e-44 5243 16864
 2.5223372357846707e-44 2.6624670822171524e-44 2.382207389352189e-44 28.030000686645508 18 0
 2.6624670822171524e-44 2.382207389352189e-44 28.049999237060547 2.5223372357846707e-44 19 0
 2.382207389352189e-44 28.06999969482422 2.5223372357846707e-44 2.6624670822171524e-44 17 0
 28.09000015258789 2.5223372357846707e-44 2.6624670822171524e-44 2.382207389352189e-44 57672 16864
 2.5223372357846707e-44 2.6624670822171524e-44 2.382207389352189e-44 28.1299991607666 18 0
 2.6624670822171524e-44 2.382207389352189e-44 28.149999618530273 2.5223372357846707e-44 19 0
 2.382207389352189e-44 28.15999984741211 2.5223372357846707e-44 2.6624670822171524e-44 17 0
 28.190000534057617 2.5223372357846707e-44 2.6624670822171524e-44 2.382207389352189e-44 44564 16865
 2.5223372357846707e-44 2.6624670822171524e-44 2.382207389352189e-44 28.229999542236328 18 0
 2.6624670822171524e-44 2.382207389352189e-44 28.25 2.5223372357846707e-44 19 0
 2.382207389352189e-44 28.270000457763672 2.5223372357846707e-44 2.6624670822171524e-44 17 0
 28.290000915527344 2.5223372357846707e-44 2.6624670822171524e-44 2.382207389352189e-44 31457 16866
 2.5223372357846707e-44 2.6624670822171524e-44 2.382207389352189e-44 28.329999923706055 18 0
 2.6624670822171524e-44 2.382207389352189e-44 28.350000381469727 2.5223372357846707e-44 19 0
 2.382207389352189e-44 28.3700008392334 2.5223372357846707e-44 2.6624670822171524e-44 17 0
 28.3799991607666 2.5223372357846707e-44 2.6624670822171524e-44 2.382207389352189e-44 18350 16867
 2.5223372357846707e-44 2.6624670822171524e-44 2.382207389352189e-44 28.43000030517578 18 0
 2.6624670822171524e-44 2.382207389352189e-44 28.450000762939453 2.5223372357846707e-44 19 0
 2.382207389352189e-44 28.469999313354492 2.5223372357846707e-44 2.6624670822171524e-44 17 0
 28.489999771118164 2.5223372357846707e-44 2.6624670822171524e-44 2.382207389352189e-44 5243 16868
 2.5223372357846707e-44 2.6624670822171524e-44 2.382207389352189e-44 28.530000686645508 18 0
 2.6624670822171524e-44 2.382207389352189e-44 28.549999237060547 2.5223372357846707e-44 19 0
 2.382207389352189e-44 28.56999969482422 2.5223372357846707e-44 2.6624670822171524e-44 17 0
 28.59000015258789 2.5223372357846707e-44 2.6624670822171524e-44 2.382207389352189e-44 52429 16868
 2.5223372357846707e-44 2.6624670822171524e-44 2.382207389352189e-44 28.6299991607666 18 0
 2.6624670822171524e-44 2.382207389352189e-44 28.649999618530273 2.5223372357846707e-44 19 0
 2.382207389352189e-44 28.670000076293945 2.5223372357846707e-44 2.6624670822171524e-44 17 0
 28.690000534057617 2.5223372357846707e-44 2.6624670822171524e-44 2.382207389352189e-44 44564 16869
 2.5223372357846707e-44 2.6624670822171524e-44 2.382207389352189e-44 28.729999542236328 18 0
 2.6624670822171524e-44 2.382207389352189e-44 28.75 2.5223372357846707e-44 19 0
 2.382207389352189e-44 28.770000457763672 2.5223372357846707e-44 2.6624670822171524e-44 17 0
 28.790000915527344 2.5223372357846707e-44 2.6624670822171524e-44 2.382207389352189e-44 31457 16870
 2.5223372357846707e-44 2.6624670822171524e-44 2.382207389352189e-44 28.81999969482422 18 0
 2.6624670822171524e-44 2.382207389352189e-44 28.850000381469727 2.5223372357846707e-44 19 0
 2.382207389352189e-44 28.8700008392334 2.5223372357846707e-44 2.6624670822171524e-44 17 0
 28.889999389648438 2.5223372357846707e-44 2.6624670822171524e-44 2.382207389352189e-44 18350 16871
 2.5223372357846707e-44 2.6624670822171524e-44 2.382207389352189e-44 28.93000030517578 18 0
 2.6624670822171524e-44 2.382207389352189e-44 28.950000762939453 2.5223372357846707e-44 19 0
 2.382207389352189e-44 28.969999313354492 2.5223372357846707e-44 2.6624670822171524e-44 17 0
 28.989999771118164 2.5223372357846707e-44 2.6624670822171524e-44 2.382207389352189e-44 5243 16872
 2.5223372357846707e-44 2.6624670822171524e-44 2.382207389352189e-44 29.030000686645508 18 0
 2.6624670822171524e-44 2.382207389352189e-44 29.040000915527344 2.5223372357846707e-44 19 0
 2.382207389352189e-44 29.06999969482422 2.5223372357846707e-44 2.6624670822171524e-44 17 0
 29.09000015258789 2.5223372357846707e-44 2.6624670822171524e-44 2.382207389352189e-44 57672 16872
 2.5223372357846707e-44 2.6624670822171524e-44 2.382207389352189e-44 29.1299991607666 18 0
 2.6624670822171524e-44 2.382207389352189e-44 29.149999618530273 2.5223372357846707e-44 19 0
 2.382207389352189e-44 29.170000076293945 2.5223372357846707e-44 2.6624670822171524e-44 17 0
 29.190000534057617 2.5223372357846707e-44 2.6624670822171524e-44 2.382207389352189e-44 44564 16873
 2.5223372357846707e-44 2.6624670822171524e-44 2.382207389352189e-44 29.229999542236328 18 0
 2.6624670822171524e-44 2.382207389352189e-44 29.25 2.5223372357846707e-44 19 0
 2.382207389352189e-44 29.260000228881836 2.5223372357846707e-44 2.6624670822171524e-44 17 0
 29.290000915527344 2.5223372357846707e-44 2.6624670822171524e-44 2.382207389352189e-44 31457 16874
 2.5223372357846707e-44 2.6624670822171524e-44 2.382207389352189e-44 29.329999923706055 18 0
 2.6624670822171524e-44 2.382207389352189e-44 29.350000381469727 2.5223372357846707e-44 19 0
 2.382207389352189e-44 29.3700008392334 2.5223372357846707e-44 2.6624670822171524e-44 17 0
 29.389999389648438 2.5223372357846707e-44 2.6624670822171524e-44 2.382207389352189e-44 18350 16875
 2.5223372357846707e-44 2.6624670822171524e-44 2.382207389352189e-44 29.43000030517578 18 0
 2.6624670822171524e-44 2.382207389352189e-44 29.450000762939453 2.5223372357846707e-44 19 0
 2.382207389352189e-44 29.469999313354492 2.5223372357846707e-44 2.6624670822171524e-44 17 0
 29.479999542236328 2.5223372357846707e-44 2.6624670822171524e-44 2.382207389352189e-44 5243 16876
 2.5223372357846707e-44 2.6624670822171524e-44 2.382207389352189e-44 29.530000686645508 18 0
 2.6624670822171524e-44 2.382207389352189e-44 29.549999237060547 2.5223372357846707e-44 19 0
 2.382207389352189e-44 29.56999969482422 2.5223372357846707e-44 2.6624670822171524e-44 17 0
 29.59000015258789 2.5223372357846707e-44 2.6624670822171524e-44 2.382207389352189e-44 57672 16876
 2.5223372357846707e-44 2.6624670822171524e-44 2.382207389352189e-44 29.6299991607666 18 0
 2.6624670822171524e-44 2.382207389352189e-44 29.649999618530273 2.5223372357846707e-44 19 0
 2.382207389352189e-44 29.670000076293945 2.5223372357846707e-44 2.6624670822171524e-44 17 0
 29.690000534057617 2.5223372357846707e-44 2.6624670822171524e-44 2.382207389352189e-44 39322 16877
 2.5223372357846707e-44 2.6624670822171524e-44 2.382207389352189e-44 29.729999542236328 18 0
 2.6624670822171524e-44 2.382207389352189e-44 29.75 2.5223372357846707e-44 19 0
 2.382207389352189e-44 29.770000457763672 2.5223372357846707e-44 2.6624670822171524e-44 17 0
 29.790000915527344 2.5223372357846707e-44 2.6624670822171524e-44 2.382207389352189e-44 31457 16878
 2.5223372357846707e-44 2.6624670822171524e-44 2.382207389352189e-44 29.829999923706055 18 0
 2.6624670822171524e-44 2.382207389352189e-44 29.850000381469727 2.5223372357846707e-44 19 0
 2.382207389352189e-44 29.8700008392334 2.5223372357846707e-44 2.6624670822171524e-44 17 0
 29.889999389648438 2.5223372357846707e-44 2.6624670822171524e-44 2.382207389352189e-44 18350 16879
 2.5223372357846707e-44 2.6624670822171524e-44 2.382207389352189e-44 29.920000076293945 18 0
 2.6624670822171524e-44 2.382207389352189e-44 29.950000762939453 2.5223372357846707e-44 19 0
 2.382207389352189e-44 29.969999313354492 2.5223372357846707e-44 2.6624670822171524e-44 17 0
 29.989999771118164 2.5223372357846707e-44 2.6624670822171524e-44 2.382207389352189e-44 5243 16880
 2.5223372357846707e-44 2.6624670822171524e-44 2.382207389352189e-44 30.030000686645508 18 0
 2.6624670822171524e-44 2.382207389352189e-44 30.049999237060547 2.5223372357846707e-44 19 0
 2.382207389352189e-44 30.06999969482422 2.5223372357846707e-44 2.6624670822171524e-44 17 0
 30.09000015258789 2.5223372357846707e-44 2.6624670822171524e-44 2.382207389352189e-44 57672 16880
 2.5223372357846707e-44 2.6624670822171524e-44 2.382207389352189e-44 30.1299991607666 18 0
 2.6624670822171524e-44 2.382207389352189e-44 30.139999389648438 2.5223372357846707e-44 19 0
 2.382207389352189e-44 30.170000076293945 2.5223372357846707e-44 2.6624670822171524e-44 17 0
 30.190000534057617 2.5223372357846707e-44 2.6624670822171524e-44 2.382207389352189e-44 44564 16881
 2.5223372357846707e-44 2.6624670822171524e-44 2.382207389352189e-44 30.229999542236328 18 0
 2.6624670822171524e-44 2.382207389352189e-44 30.25 2.5223372357846707e-44 19 0
 2.382207389352189e-44 30.270000457763672 2.5223372357846707e-44 2.6624670822171524e-44 17 0
 30.290000915527344 2.5223372357846707e-44 2.6624670822171524e-44 2.382207389352189e-44 31457 16882
 2.5223372357846707e-44 2.6624670822171524e-44 2.382207389352189e-44 30.329999923706055 18 0
 2.6624670822171524e-44 2.382207389352189e-44 30.350000381469727 2.5223372357846707e-44 19 0
 2.382207389352189e-44 30.360000610351562 2.5223372357846707e-44 2.6624670822171524e-44 17 0
 30.389999389648438 2.5223372357846707e-44 2.6624670822171524e-44 2.382207389352189e-44 18350 16883
 2.5223372357846707e-44 2.6624670822171524e-44 2.382207389352189e-44 30.43000030517578 18 0
 2.6624670822171524e-44 2.382207389352189e-44 30.450000762939453 2.5223372357846707e-44 19 0
 2.382207389352189e-44 30.469999313354492 2.5223372357846707e-44 2.6624670822171524e-44 17 0
 30.489999771118164 2.5223372357846707e-44 2.6624670822171524e-44 2.382207389352189e-44 5243 16884
 2.5223372357846707e-44 2.6624670822171524e-44 2.382207389352189e-44 30.530000686645508 18 0
 2.6624670822171524e-44 2.382207389352189e-44 30.549999237060547 2.5223372357846707e-44 19 0
 2.382207389352189e-44 30.56999969482422 2.5223372357846707e-44 2.6624670822171524e-44 17 0
 30.579999923706055 2.5223372357846707e-44 2.6624670822171524e-44 2.382207389352189e-44 57672 16884
 2.5223372357846707e-44 2.6624670822171524e-44 2.382207389352189e-44 30.6299991607666 18 0
 2.6624670822171524e-44 2.382207389352189e-44 30.649999618530273 2.5223372357846707e-44 19 0
 2.382207389352189e-44 30.670000076293945 2.5223372357846707e-44 2.6624670822171524e-44 17 0
 30.690000534057617 2.5223372357846707e-44 2.6624670822171524e-44 2.382207389352189e-44 44564 16885
 2.5223372357846707e-44 2.6624670822171524e-44 2.382207389352189e-44 30.729999542236328 18 0
 2.6624670822171524e-44 2.382207389352189e-44 30.75 2.5223372357846707e-44 19 0
 2.382207389352189e-44 30.770000457763672 2.5223372357846707e-44 2.6624670822171524e-44 17 0
 30.790000915527344 2.5223372357846707e-44 2.6624670822171524e-44 2.382207389352189e-44 26214 16886
 2.5223372357846707e-44 2.6624670822171524e-44 2.382207389352189e-44 30.829999923706055 18 0
 2.6624670822171524e-44 2.382207389352189e-44 30.850000381469727 2.5223372357846707e-44 19 0
 2.382207389352189e-44 30.8700008392334 2.5223372357846707e-44 2.6624670822171524e-44 17 0
 30.889999389648438 2.5223372357846707e-44 2.6624670822171524e-44 2.382207389352189e-44 18350 16887
 2.5223372357846707e-44 2.6624670822171524e-44 2.382207389352189e-44 30.93000030517578 18 0
 2.6624670822171524e-44 2.382207389352189e-44 30.950000762939453 2.5223372357846707e-44 19 0
 2.382207389352189e-44 30.969999313354492 2.5223372357846707e-44 2.6624670822171524e-44 17 0
 30.989999771118164 2.5223372357846707e-44 2.6624670822171524e-44 2.382207389352189e-44 5243 16888
 2.5223372357846707e-44 2.6624670822171524e-44 2.382207389352189e-44 31.020000457763672 18 0
 2.6624670822171524e-44 2.382207389352189e-44 31.049999237060547 2.5223372357846707e-44 19 0
 2.382207389352189e-44 31.06999969482422 2.5223372357846707e-44 2.6624670822171524e-44 17 0
 31.09000015258789 2.5223372357846707e-44 2.6624670822171524e-44 2.382207389352189e-44 57672 16888
 2.5223372357846707e-44 2.6624670822171524e-44 2.382207389352189e-44 31.1299991607666 18 0
 2.6624670822171524e-44 2.382207389352189e-44 31.149999618530273 2.5223372357846707e-44 19 0
 2.382207389352189e-44 31.170000076293945 2.5223372357846707e-44 2.6624670822171524e-44 17 0
 31.190000534057617 2.5223372357846707e-44 2.6624670822171524e-44 2.382207389352189e-44 44564 16889
 2.5223372357846707e-44 2.6624670822171524e-44 2.382207389352189e-44 31.229999542236328 18 0
 2.6624670822171524e-44 2.382207389352189e-44 31.239999771118164 2.5223372357846707e-44 19 0
 2.382207389352189e-44 31.270000457763672 2.5223372357846707e-44 2.6624670822171524e-44 17 0
 31.290000915527344 2.5223372357846707e-44 2.6624670822171524e-44 2.382207389352189e-44 31457 16890
 2.5223372357846707e-44 2.6624670822171524e-44 2.382207389352189e-44 31.329999923706055 18 0
 2.6624670822171524e-44 2.382207389352189e-44 31.350000381469727 2.5223372357846707e-44 19 0
 2.382207389352189e-44 31.3700008392334 2.5223372357846707e-44 2.6624670822171524e-44 17 0
 31.389999389648438 2.5223372357846707e-44 2.6624670822171524e-44 2.382207389352189e-44 18350 16891
 2.5223372357846707e-44 2.6624670822171524e-44 2.382207389352189e-44 31.43000030517578 18 0
 2.6624670822171524e-44 2.382207389352189e-44 31.450000762939453 2.5223372357846707e-44 19 0
 2.382207389352189e-44 31.459999084472656 2.5223372357846707e-44 2.6624670822171524e-44 17 0
 31.489999771118164 2.5223372357846707e-44 2.6624670822171524e-44 2.382207389352189e-44 5243 16892
 2.5223372357846707e-44 2.6624670822171524e-44 2.382207389352189e-44 31.530000686645508 18 0
 2.6624670822171524e-44 2.382207389352189e-44 31.549999237060547 2.5223372357846707e-44 19 0
 2.382207389352189e-44 31.56999969482422 2.5223372357846707e-44 2.6624670822171524e-44 17 0
 31.59000015258789 2.5223372357846707e-44 2.6624670822171524e-44 2.382207389352189e-44 57672 16892
 2.5223372357846707e-44 2.6624670822171524e-44 2.382207389352189e-44 31.6299991607666 18 0
 2.6624670822171524e-44 2.382207389352189e-44 31.649999618530273 2.5223372357846707e-44 19 0
 2.382207389352189e-44 31.670000076293945 2.5223372357846707e-44 2.6624670822171524e-44 17 0
 31.68000030517578 2.5223372357846707e-44 2.6624670822171524e-44 2.382207389352189e-44 44564 16893
 2.5223372357846707e-44 2.6624670822171524e-44 2.382207389352189e-44 31.729999542236328 18 0
 2.6624670822171524e-44 2.382207389352189e-44 31.75 2.5223372357846707e-44 19 0
 2.382207389352189e-44 31.770000457763672 2.5223372357846707e-44 2.6624670822171524e-44 17 0
 31.790000915527344 2.5223372357846707e-44 2.6624670822171524e-44 2.382207389352189e-44 31457 16894
 2.5223372357846707e-44 2.6624670822171524e-44 2.382207389352189e-44 31.829999923706055 18 0
 2.6624670822171524e-44 2.382207389352189e-44 31.850000381469727 2.5223372357846707e-44 19 0
 2.382207389352189e-44 31.8700008392334 2.5223372357846707e-44 2.6624670822171524e-44 17 0
 31.889999389648438 2.5223372357846707e-44 2.6624670822171524e-44 2.382207389352189e-44 13107 16895
 2.5223372357846707e-44 2.6624670822171524e-44 2.382207389352189e-44 31.93000030517578 18 0
 2.6624670822171524e-44 2.382207389352189e-44 31.950000762939453 2.5223372357846707e-44 19 0
 2.382207389352189e-44 31.989999771118164 2.5223372357846707e-44 2.6624670822171524e-44 17 0
 32.0099983215332 2.5223372357846707e-44 2.6624670822171524e-44 2.382207389352189e-44 7864 16896
 2.5223372357846707e-44 2.6624670822171524e-44 2.382207389352189e-44 32.04999923706055 18 0
 2.6624670822171524e-44 2.382207389352189e-44 32.06999969482422 2.5223372357846707e-44 19 0
 2.382207389352189e-44 32.09000015258789 2.5223372357846707e-44 2.6624670822171524e-44 17 0
 32.11000061035156 2.5223372357846707e-44 2.6624670822171524e-44 2.382207389352189e-44 31457 16896
 2.5223372357846707e-44 2.6624670822171524e-44 2.382207389352189e-44 32.150001525878906 18 0
 2.6624670822171524e-44 2.382207389352189e-44 32.16999816894531 2.5223372357846707e-44 19 0
 2.382207389352189e-44 32.189998626708984 2.5223372357846707e-44 2.6624670822171524e-44 17 0
 32.209999084472656 2.5223372357846707e-44 2.6624670822171524e-44 2.382207389352189e-44 60293 16896
 2.5223372357846707e-44 2.6624670822171524e-44 2.382207389352189e-44 32.25 18 0
 2.6624670822171524e-44 2.382207389352189e-44 32.290000915527344 2.5223372357846707e-44 19 0
 2.382207389352189e-44 32.310001373291016 2.5223372357846707e-44 2.6624670822171524e-44 17 0
 32.33000183105469 2.5223372357846707e-44 2.6624670822171524e-44 2.382207389352189e-44 23593 16897
 2.5223372357846707e-44 2.6624670822171524e-44 2.382207389352189e-44 32.369998931884766 18 0
 2.6624670822171524e-44 2.382207389352189e-44 32.38999938964844 2.5223372357846707e-44 19 0
 2.382207389352189e-44 32.40999984741211 2.5223372357846707e-44 2.6624670822171524e-44 17 0
 32.43000030517578 2.5223372357846707e-44 2.6624670822171524e-44 2.382207389352189e-44 52429 16897
 2.5223372357846707e-44 2.6624670822171524e-44 2.382207389352189e-44 32.470001220703125 18 0
 2.6624670822171524e-44 2.382207389352189e-44 32.4900016784668 2.5223372357846707e-44 19 0
 2.382207389352189e-44 32.5099983215332 2.5223372357846707e-44 2.6624670822171524e-44 17 0
 32.529998779296875 2.5223372357846707e-44 2.6624670822171524e-44 2.382207389352189e-44 13107 16898
 2.5223372357846707e-44 2.6624670822171524e-44 2.382207389352189e-44 32.560001373291016 18 0
 2.6624670822171524e-44 2.382207389352189e-44 32.59000015258789 2.5223372357846707e-44 19 0
 2.382207389352189e-44 32.61000061035156 2.5223372357846707e-44 2.6624670822171524e-44 17 0
 32.630001068115234 2.5223372357846707e-44 2.6624670822171524e-44 2.382207389352189e-44 39322 16898
 2.5223372357846707e-44 2.6624670822171524e-44 2.382207389352189e-44 32.66999816894531 18 0
 2.6624670822171524e-44 2.382207389352189e-44 32.689998626708984 2.5223372357846707e-44 19 0
 2.382207389352189e-44 32.709999084472656 2.5223372357846707e-44 2.6624670822171524e-44 17 0
 32.72999954223633 2.5223372357846707e-44 2.6624670822171524e-44 2.382207389352189e-44 0 16899
 2.5223372357846707e-44 2.6624670822171524e-44 2.382207389352189e-44 32.77000045776367 18 0
 2.6624670822171524e-44 2.382207389352189e-44 32.779998779296875 2.5223372357846707e-44 19 0
 2.382207389352189e-44 32.810001373291016 2.5223372357846707e-44 2.6624670822171524e-44 17 0
 32.83000183105469 2.5223372357846707e-44 2.6624670822171524e-44 2.382207389352189e-44 26214 16899
 2.5223372357846707e-44 2.6624670822171524e-44 2.382207389352189e-44 32.869998931884766 18 0
 2.6624670822171524e-44 2.382207389352189e-44 32.88999938964844 2.5223372357846707e-44 19 0
 2.382207389352189e-44 32.90999984741211 2.5223372357846707e-44 2.6624670822171524e-44 17 0
 32.93000030517578 2.5223372357846707e-44 2.6624670822171524e-44 2.382207389352189e-44 52429 16899
 2.5223372357846707e-44 2.6624670822171524e-44 2.382207389352189e-44 32.970001220703125 18 0
 2.6624670822171524e-44 2.382207389352189e-44 32.9900016784668 2.5223372357846707e-44 19 0
 2.382207389352189e-44 33.0 2.5223372357846707e-44 2.6624670822171524e-44 17 0
 33.029998779296875 2.5223372357846707e-44 2.6624670822171524e-44 2.382207389352189e-44 13107 16900
 2.5223372357846707e-44 2.6624670822171524e-44 2.382207389352189e-44 33.06999969482422 18 0
 2.6624670822171524e-44 2.382207389352189e-44 33.09000015258789 2.5223372357846707e-44 19 0
 2.382207389352189e-44 33.11000061035156 2.5223372357846707e-44 2.6624670822171524e-44 17 0
 33.130001068115234 2.5223372357846707e-44 2.6624670822171524e-44 2.382207389352189e-44 39322 16900
 2.5223372357846707e-44 2.6624670822171524e-44 2.382207389352189e-44 33.16999816894531 18 0
 2.6624670822171524e-44 2.382207389352189e-44 33.189998626708984 2.5223372357846707e-44 19 0
 2.382207389352189e-44 33.209999084472656 2.5223372357846707e-44 2.6624670822171524e-44 17 0
 33.220001220703125 2.5223372357846707e-44 2.6624670822171524e-44 2.382207389352189e-44 0 16901
 2.5223372357846707e-44 2.6624670822171524e-44 2.382207389352189e-44 33.27000045776367 18 0
 2.6624670822171524e-44 2.382207389352189e-44 33.290000915527344 2.5223372357846707e-44 19 0
 2.382207389352189e-44 33.310001373291016 2.5223372357846707e-44 2.6624670822171524e-44 17 0
 33.33000183105469 2.5223372357846707e-44 2.6624670822171524e-44 2.382207389352189e-44 26214 16901
 2.5223372357846707e-44 2.6624670822171524e-44 2.382207389352189e-44 33.369998931884766 18 0
 2.6624670822171524e-44 2.382207389352189e-44 33.38999938964844 2.5223372357846707e-44 19 0
 2.382207389352189e-44 33.40999984741211 2.5223372357846707e-44 2.6624670822171524e-44 17 0
 33.43000030517578 2.5223372357846707e-44 2.6624670822171524e-44 2.382207389352189e-44 49807 16901
 2.5223372357846707e-44 2.6624670822171524e-44 2.382207389352189e-44 33.470001220703125 18 0
 2.6624670822171524e-44 2.382207389352189e-44 33.4900016784668 2.5223372357846707e-44 19 0
 2.382207389352189e-44 33.5099983215332 2.5223372357846707e-44 2.6624670822171524e-44 17 0
 33.529998779296875 2.5223372357846707e-44 2.6624670822171524e-44 2.382207389352189e-44 13107 16902
 2.5223372357846707e-44 2.6624670822171524e-44 2.382207389352189e-44 33.56999969482422 18 0
 2.6624670822171524e-44 2.382207389352189e-44 33.59000015258789 2.5223372357846707e-44 19 0
 2.382207389352189e-44 33.61000061035156 2.5223372357846707e-44 2.6624670822171524e-44 17 0
 33.630001068115234 2.5223372357846707e-44 2.6624670822171524e-44 2.382207389352189e-44 39322 16902
 2.5223372357846707e-44 2.6624670822171524e-44 2.382207389352189e-44 33.65999984741211 18 0
 2.6624670822171524e-44 2.382207389352189e-44 33.689998626708984 2.5223372357846707e-44 19 0
 2.382207389352189e-44 33.709999084472656 2.5223372357846707e-44 2.6624670822171524e-44 17 0
 33.72999954223633 2.5223372357846707e-44 2.6624670822171524e-44 2.382207389352189e-44 0 16903
 2.5223372357846707e-44 2.6624670822171524e-44 2.382207389352189e-44 33.77000045776367 18 0
 2.6624670822171524e-44 2.382207389352189e-44 33.790000915527344 2.5223372357846707e-44 19 0
 2.382207389352189e-44 33.810001373291016 2.5223372357846707e-44 2.6624670822171524e-44 17 0
 33.83000183105469 2.5223372357846707e-44 2.6624670822171524e-44 2.382207389352189e-44 26214 16903
 2.5223372357846707e-44 2.6624670822171524e-44 2.382207389352189e-44 33.869998931884766 18 0
 2.6624670822171524e-44 2.382207389352189e-44 33.880001068115234 2.5223372357846707e-44 19 0
 2.382207389352189e-44 33.90999984741211 2.5223372357846707e-44 2.6624670822171524e-44 17 0
 33.93000030517578 2.5223372357846707e-44 2.6624670822171524e-44 2.382207389352189e-44 52429 16903
 2.5223372357846707e-44 2.6624670822171524e-44 2.382207389352189e-44 33.970001220703125 18 0
 2.6624670822171524e-44 2.382207389352189e-44 33.9900016784668 2.5223372357846707e-44 19 0
 2.382207389352189e-44 34.0099983215332 2.5223372357846707e-44 2.6624670822171524e-44 17 0
 34.029998779296875 2.5223372357846707e-44 2.6624670822171524e-44 2.382207389352189e-44 13107 16904
 2.5223372357846707e-44 2.6624670822171524e-44 2.382207389352189e-44 34.06999969482422 18 0
 2.6624670822171524e-44 2.382207389352189e-44 34.09000015258789 2.5223372357846707e-44 19 0
 2.382207389352189e-44 34.099998474121094 2.5223372357846707e-44 2.6624670822171524e-44 17 0
 34.130001068115234 2.5223372357846707e-44 2.6624670822171524e-44 2.382207389352189e-44 39322 16904
 2.5223372357846707e-44 2.6624670822171524e-44 2.382207389352189e-44 34.16999816894531 18 0
 2.6624670822171524e-44 2.382207389352189e-44 34.189998626708984 2.5223372357846707e-44 19 0
 2.382207389352189e-44 34.209999084472656 2.5223372357846707e-44 2.6624670822171524e-44 17 0
 34.22999954223633 2.5223372357846707e-44 2.6624670822171524e-44 2.382207389352189e-44 0 16905
 2.5223372357846707e-44 2.6624670822171524e-44 2.382207389352189e-44 34.27000045776367 18 0
 2.6624670822171524e-44 2.382207389352189e-44 34.290000915527344 2.5223372357846707e-44 19 0
 2.382207389352189e-44 34.310001373291016 2.5223372357846707e-44 2.6624670822171524e-44 17 0
 34.31999969482422 2.5223372357846707e-44 2.6624670822171524e-44 2.382207389352189e-44 26214 16905
 2.5223372357846707e-44 2.6624670822171524e-44 2.382207389352189e-44 34.369998931884766 18 0
 2.6624670822171524e-44 2.382207389352189e-44 34.38999938964844 2.5223372357846707e-44 19 0
 2.382207389352189e-44 34.40999984741211 2.5223372357846707e-44 2.6624670822171524e-44 17 0
 34.43000030517578 2.5223372357846707e-44 2.6624670822171524e-44 2.382207389352189e-44 52429 16905
 2.5223372357846707e-44 2.6624670822171524e-44 2.382207389352189e-44 34.470001220703125 18 0
 2.6624670822171524e-44 2.382207389352189e-44 34.4900016784668 2.5223372357846707e-44 19 0
 2.382207389352189e-44 34.5099983215332 2.5223372357846707e-44 2.6624670822171524e-44 17 0
 34.529998779296875 2.5223372357846707e-44 2.6624670822171524e-44 2.382207389352189e-44 10486 16906
 2.5223372357846707e-44 2.6624670822171524e-44 2.382207389352189e-44 34.56999969482422 18 0
 2.6624670822171524e-44 2.382207389352189e-44 34.59000015258789 2.5223372357846707e-44 19 0
 2.382207389352189e-44 34.61000061035156 2.5223372357846707e-44 2.6624670822171524e-44 17 0
 34.630001068115234 2.5223372357846707e-44 2.6624670822171524e-44 2.382207389352189e-44 39322 16906
 2.5223372357846707e-44 2.6624670822171524e-44 2.382207389352189e-44 34.66999816894531 18 0
 2.6624670822171524e-44 2.382207389352189e-44 34.689998626708984 2.5223372357846707e-44 19 0
 2.382207389352189e-44 34.709999084472656 2.5223372357846707e-44 2.6624670822171524e-44 17 0
 34.72999954223633 2.5223372357846707e-44 2.6624670822171524e-44 2.382207389352189e-44 0 16907
 2.5223372357846707e-44 2.6624670822171524e-44 2.382207389352189e-44 34.7599983215332 18 0
 2.6624670822171524e-44 2.382207389352189e-44 34.790000915527344 2.5223372357846707e-44 19 0
 2.382207389352189e-44 34.810001373291016 2.5223372357846707e-44 2.6624670822171524e-44 17 0
 34.83000183105469 2.5223372357846707e-44 2.6624670822171524e-44 2.382207389352189e-44 26214 16907
 2.5223372357846707e-44 2.6624670822171524e-44 2.382207389352189e-44 34.869998931884766 18 0
 2.6624670822171524e-44 2.382207389352189e-44 34.88999938964844 2.5223372357846707e-44 19 0
 2.382207389352189e-44 34.90999984741211 2.5223372357846707e-44 2.6624670822171524e-44 17 0
 34.93000030517578 2.5223372357846707e-44 2.6624670822171524e-44 2.382207389352189e-44 52429 16907
 2.5223372357846707e-44 2.6624670822171524e-44 2.382207389352189e-44 34.970001220703125 18 0
 2.6624670822171524e-44 2.382207389352189e-44 34.97999954223633 2.5223372357846707e-44 19 0
 2.382207389352189e-44 35.0099983215332 2.5223372357846707e-44 2.6624670822171524e-44 17 0
 35.029998779296875 2.5223372357846707e-44 2.6624670822171524e-44 2.382207389352189e-44 13107 16908
 2.5223372357846707e-44 2.6624670822171524e-44 2.382207389352189e-44 35.06999969482422 18 0
 2.6624670822171524e-44 2.382207389352189e-44 35.09000015258789 2.5223372357846707e-44 19 0
 2.382207389352189e-44 35.11000061035156 2.5223372357846707e-44 2.6624670822171524e-44 17 0
 35.130001068115234 2.5223372357846707e-44 2.6624670822171524e-44 2.382207389352189e-44 39322 16908
 2.5223372357846707e-44 2.6624670822171524e-44 2.382207389352189e-44 35.16999816894531 18 0
 2.6624670822171524e-44 2.382207389352189e-44 35.189998626708984 2.5223372357846707e-44 19 0
 2.382207389352189e-44 35.20000076293945 2.5223372357846707e-44 2.6624670822171524e-44 17 0
 35.22999954223633 2.5223372357846707e-44 2.6624670822171524e-44 2.382207389352189e-44 0 16909
 2.5223372357846707e-44 2.6624670822171524e-44 2.382207389352189e-44 35.27000045776367 18 0
 2.6624670822171524e-44 2.382207389352189e-44 35.290000915527344 2.5223372357846707e-44 19 0
 2.382207389352189e-44 35.310001373291016 2.5223372357846707e-44 2.6624670822171524e-44 17 0
 35.33000183105469 2.5223372357846707e-44 2.6624670822171524e-44 2.382207389352189e-44 26214 16909
 2.5223372357846707e-44 2.6624670822171524e-44 2.382207389352189e-44 35.369998931884766 18 0
 2.6624670822171524e-44 2.382207389352189e-44 35.38999938964844 2.5223372357846707e-44 19 0
 2.382207389352189e-44 35.40999984741211 2.5223372357846707e-44 2.6624670822171524e-44 17 0
 35.41999816894531 2.5223372357846707e-44 2.6624670822171524e-44 2.382207389352189e-44 52429 16909
 2.5223372357846707e-44 2.6624670822171524e-44 2.382207389352189e-44 35.470001220703125 18 0
 2.6624670822171524e-44 2.382207389352189e-44 35.4900016784668 2.5223372357846707e-44 19 0
 2.382207389352189e-44 35.5099983215332 2.5223372357846707e-44 2.6624670822171524e-44 17 0
 35.529998779296875 2.5223372357846707e-44 2.6624670822171524e-44 2.382207389352189e-44 13107 16910
 2.5223372357846707e-44 2.6624670822171524e-44 2.382207389352189e-44 35.56999969482422 18 0
 2.6624670822171524e-44 2.382207389352189e-44 35.59000015258789 2.5223372357846707e-44 19 0
 2.382207389352189e-44 35.61000061035156 2.5223372357846707e-44 2.6624670822171524e-44 17 0
 35.630001068115234 2.5223372357846707e-44 2.6624670822171524e-44 2.382207389352189e-44 36700 16910
 2.5223372357846707e-44 2.6624670822171524e-44 2.382207389352189e-44 35.66999816894531 18 0
 2.6624670822171524e-44 2.382207389352189e-44 35.689998626708984 2.5223372357846707e-44 19 0
 2.382207389352189e-44 35.709999084472656 2.5223372357846707e-44 2.6624670822171524e-44 17 0
 35.72999954223633 2.5223372357846707e-44 2.6624670822171524e-44 2.382207389352189e-44 0 16911
 2.5223372357846707e-44 2.6624670822171524e-44 2.382207389352189e-44 35.77000045776367 18 0
 2.6624670822171524e-44 2.382207389352189e-44 35.790000915527344 2.5223372357846707e-44 19 0
 2.382207389352189e-44 35.810001373291016 2.5223372357846707e-44 2.6624670822171524e-44 17 0
 35.83000183105469 2.5223372357846707e-44 2.6624670822171524e-44 2.382207389352189e-44 26214 16911
 2.5223372357846707e-44 2.6624670822171524e-44 2.382207389352189e-44 35.86000061035156 18 0
 2.6624670822171524e-44 2.382207389352189e-44 35.88999938964844 2.5223372357846707e-44 19 0
 2.382207389352189e-44 35.90999984741211 2.5223372357846707e-44 2.6624670822171524e-44 17 0
 35.93000030517578 2.5223372357846707e-44 2.6624670822171524e-44 2.382207389352189e-44 52429 16911
 2.5223372357846707e-44 2.6624670822171524e-44 2.382207389352189e-44 35.970001220703125 18 0
 2.6624670822171524e-44 2.382207389352189e-44 35.9900016784668 2.5223372357846707e-44 19 0
 2.382207389352189e-44 36.0099983215332 2.5223372357846707e-44 2.6624670822171524e-44 17 0
 36.029998779296875 2.5223372357846707e-44 2.6624670822171524e-44 2.382207389352189e-44 13107 16912
 2.5223372357846707e-44 2.6624670822171524e-44 2.382207389352189e-44 36.06999969482422 18 0
 2.6624670822171524e-44 2.382207389352189e-44 36.08000183105469 2.5223372357846707e-44 19 0
 2.382207389352189e-44 36.11000061035156 2.5223372357846707e-44 2.6624670822171524e-44 17 0
 36.130001068115234 2.5223372357846707e-44 2.6624670822171524e-44 2.382207389352189e-44 39322 16912
 2.5223372357846707e-44 2.6624670822171524e-44 2.382207389352189e-44 36.16999816894531 18 0
 2.6624670822171524e-44 2.382207389352189e-44 36.189998626708984 2.5223372357846707e-44 19 0
 2.382207389352189e-44 36.209999084472656 2.5223372357846707e-44 2.6624670822171524e-44 17 0
 36.22999954223633 2.5223372357846707e-44 2.6624670822171524e-44 2.382207389352189e-44 0 16913
 2.5223372357846707e-44 2.6624670822171524e-44 2.382207389352189e-44 36.27000045776367 18 0
 2.6624670822171524e-44 2.382207389352189e-44 36.290000915527344 2.5223372357846707e-44 19 0
 2.382207389352189e-44 36.29999923706055 2.5223372357846707e-44 2.6624670822171524e-44 17 0
 36.33000183105469 2.5223372357846707e-44 2.6624670822171524e-44 2.382207389352189e-44 26214 16913
 2.5223372357846707e-44 2.6624670822171524e-44 2.382207389352189e-44 36.369998931884766 18 0
 2.6624670822171524e-44 2.382207389352189e-44 36.38999938964844 2.5223372357846707e-44 19 0
 2.382207389352189e-44 36.40999984741211 2.5223372357846707e-44 2.6624670822171524e-44 17 0
 36.43000030517578 2.5223372357846707e-44 2.6624670822171524e-44 2.382207389352189e-44 52429 16913
 2.5223372357846707e-44 2.6624670822171524e-44 2.382207389352189e-44 36.470001220703125 18 0
 2.6624670822171524e-44 2.382207389352189e-44 36.4900016784668 2.5223372357846707e-44 19 0
 2.382207389352189e-44 36.5099983215332 2.5223372357846707e-44 2.6624670822171524e-44 17 0
 36.52000045776367 2.5223372357846707e-44 2.6624670822171524e-44 2.382207389352189e-44 13107 16914
 2.5223372357846707e-44 2.6624670822171524e-44 2.382207389352189e-44 36.56999969482422 18 0
 2.6624670822171524e-44 2.382207389352189e-44 36.59000015258789 2.5223372357846707e-44 19 0
 2.382207389352189e-44 36.61000061035156 2.5223372357846707e-44 2.6624670822171524e-44 17 0
 36.630001068115234 2.5223372357846707e-44 2.6624670822171524e-44 2.382207389352189e-44 39322 16914
 2.5223372357846707e-44 2.6624670822171524e-44 2.382207389352189e-44 36.66999816894531 18 0
 2.6624670822171524e-44 2.382207389352189e-44 36.689998626708984 2.5223372357846707e-44 19 0
 2.382207389352189e-44 36.709999084472656 2.5223372357846707e-44 2.6624670822171524e-44 17 0
 36.72999954223633 2.5223372357846707e-44 2.6624670822171524e-44 2.382207389352189e-44 62915 16914
 2.5223372357846707e-44 2.6624670822171524e-44 2.382207389352189e-44 36.77000045776367 18 0
 2.6624670822171524e-44 2.382207389352189e-44 36.790000915527344 2.5223372357846707e-44 19 0
 2.382207389352189e-44 36.810001373291016 2.5223372357846707e-44 2.6624670822171524e-44 17 0
 36.83000183105469 2.5223372357846707e-44 2.6624670822171524e-44 2.382207389352189e-44 26214 16915
 2.5223372357846707e-44 2.6624670822171524e-44 2.382207389352189e-44 36.869998931884766 18 0
 2.6624670822171524e-44 2.382207389352189e-44 36.88999938964844 2.5223372357846707e-44 19 0
 2.382207389352189e-44 36.90999984741211 2.5223372357846707e-44 2.6624670822171524e-44 17 0
 36.93000030517578 2.5223372357846707e-44 2.6624670822171524e-44 2.382207389352189e-44 52429 16915
 2.5223372357846707e-44 2.6624670822171524e-44 2.382207389352189e-44 36.959999084472656 18 0
 2.6624670822171524e-44 2.382207389352189e-44 36.9900016784668 2.5223372357846707e-44 19 0
 2.382207389352189e-44 37.0099983215332 2.5223372357846707e-44 2.6624670822171524e-44 17 0
 37.029998779296875 2.5223372357846707e-44 2.6624670822171524e-44 2.382207389352189e-44 13107 16916
 2.5223372357846707e-44 2.6624670822171524e-44 2.382207389352189e-44 37.06999969482422 18 0
 2.6624670822171524e-44 2.382207389352189e-44 37.09000015258789 2.5223372357846707e-44 19 0
 2.382207389352189e-44 37.11000061035156 2.5223372357846707e-44 2.6624670822171524e-44 17 0
 37.130001068115234 2.5223372357846707e-44 2.6624670822171524e-44 2.382207389352189e-44 39322 16916
 2.5223372357846707e-44 2.6624670822171524e-44 2.382207389352189e-44 37.16999816894531 18 0
 2.6624670822171524e-44 2.382207389352189e-44 37.18000030517578 2.5223372357846707e-44 19 0
 2.382207389352189e-44 37.209999084472656 2.5223372357846707e-44 2.6624670822171524e-44 17 0
 37.22999954223633 2.5223372357846707e-44 2.6624670822171524e-44 2.382207389352189e-44 0 16917
 2.5223372357846707e-44 2.6624670822171524e-44 2.382207389352189e-44 37.27000045776367 18 0
 2.6624670822171524e-44 2.382207389352189e-44 37.290000915527344 2.5223372357846707e-44 19 0
 2.382207389352189e-44 37.310001373291016 2.5223372357846707e-44 2.6624670822171524e-44 17 0
 37.33000183105469 2.5223372357846707e-44 2.6624670822171524e-44 2.382207389352189e-44 26214 16917
 2.5223372357846707e-44 2.6624670822171524e-44 2.382207389352189e-44 37.369998931884766 18 0
 2.6624670822171524e-44 2.382207389352189e-44 37.38999938964844 2.5223372357846707e-44 19 0
 2.382207389352189e-44 37.400001525878906 2.5223372357846707e-44 2.6624670822171524e-44 17 0
 37.43000030517578 2.5223372357846707e-44 2.6624670822171524e-44 2.382207389352189e-44 52429 16917
 2.5223372357846707e-44 2.6624670822171524e-44 2.382207389352189e-44 37.470001220703125 18 0
 2.6624670822171524e-44 2.382207389352189e-44 37.4900016784668 2.5223372357846707e-44 19 0
 2.382207389352189e-44 37.5099983215332 2.5223372357846707e-44 2.6624670822171524e-44 17 0
 37.529998779296875 2.5223372357846707e-44 2.6624670822171524e-44 2.382207389352189e-44 13107 16918
 2.5223372357846707e-44 2.6624670822171524e-44 2.382207389352189e-44 37.56999969482422 18 0
 2.6624670822171524e-44 2.382207389352189e-44 37.59000015258789 2.5223372357846707e-44 19 0
 2.382207389352189e-44 37.61000061035156 2.5223372357846707e-44 2.6624670822171524e-44 17 0
 37.619998931884766 2.5223372357846707e-44 2.6624670822171524e-44 2.382207389352189e-44 39322 16918
 2.5223372357846707e-44 2.6624670822171524e-44 2.382207389352189e-44 37.66999816894531 18 0
 2.6624670822171524e-44 2.382207389352189e-44 37.689998626708984 2.5223372357846707e-44 19 0
 2.382207389352189e-44 37.709999084472656 2.5223372357846707e-44 2.6624670822171524e-44 17 0
 37.72999954223633 2.5223372357846707e-44 2.6624670822171524e-44 2.382207389352189e-44 0 16919
 2.5223372357846707e-44 2.6624670822171524e-44 2.382207389352189e-44 37.77000045776367 18 0
 2.6624670822171524e-44 2.382207389352189e-44 37.790000915527344 2.5223372357846707e-44 19 0
 2.382207389352189e-44 37.810001373291016 2.5223372357846707e-44 2.6624670822171524e-44 17 0
 37.83000183105469 2.5223372357846707e-44 2.6624670822171524e-44 2.382207389352189e-44 23593 16919
 2.5223372357846707e-44 2.6624670822171524e-44 2.382207389352189e-44 37.869998931884766 18 0
 2.6624670822171524e-44 2.382207389352189e-44 37.88999938964844 2.5223372357846707e-44 19 0
 2.382207389352189e-44 37.90999984741211 2.5223372357846707e-44 2.6624670822171524e-44 17 0
 37.93000030517578 2.5223372357846707e-44 2.6624670822171524e-44 2.382207389352189e-44 52429 16919
 2.5223372357846707e-44 2.6624670822171524e-44 2.382207389352189e-44 37.970001220703125 18 0
 2.6624670822171524e-44 2.382207389352189e-44 37.9900016784668 2.5223372357846707e-44 19 0
 2.382207389352189e-44 38.0099983215332 2.5223372357846707e-44 2.6624670822171524e-44 17 0
 38.029998779296875 2.5223372357846707e-44 2.6624670822171524e-44 2.382207389352189e-44 13107 16920
 2.5223372357846707e-44 2.6624670822171524e-44 2.382207389352189e-44 38.060001373291016 18 0
 2.6624670822171524e-44 2.382207389352189e-44 38.09000015258789 2.5223372357846707e-44 19 0
 2.382207389352189e-44 38.11000061035156 2.5223372357846707e-44 2.6624670822171524e-44 17 0
 38.130001068115234 2.5223372357846707e-44 2.6624670822171524e-44 2.382207389352189e-44 39322 16920
 2.5223372357846707e-44 2.6624670822171524e-44 2.382207389352189e-44 38.16999816894531 18 0
 2.6624670822171524e-44 2.382207389352189e-44 38.189998626708984 2.5223372357846707e-44 19 0
 2.382207389352189e-44 38.209999084472656 2.5223372357846707e-44 2.6624670822171524e-44 17 0
 38.22999954223633 2.5223372357846707e-44 2.6624670822171524e-44 2.382207389352189e-44 0 16921
 2.5223372357846707e-44 2.6624670822171524e-44 2.382207389352189e-44 38.27000045776367 18 0
 2.6624670822171524e-44 2.382207389352189e-44 38.279998779296875 2.5223372357846707e-44 19 0
 2.382207389352189e-44 38.310001373291016 2.5223372357846707e-44 2.6624670822171524e-44 17 0
 38.33000183105469 2.5223372357846707e-44 2.6624670822171524e-44 2.382207389352189e-44 26214 16921
 2.5223372357846707e-44 2.6624670822171524e-44 2.382207389352189e-44 38.369998931884766 18 0
 2.6624670822171524e-44 2.382207389352189e-44 38.38999938964844 2.5223372357846707e-44 19 0
 2.382207389352189e-44 38.40999984741211 2.5223372357846707e-44 2.6624670822171524e-44 17 0
 38.43000030517578 2.5223372357846707e-44 2.6624670822171524e-44 2.382207389352189e-44 52429 16921
 2.5223372357846707e-44 2.6624670822171524e-44 2.382207389352189e-44 38.470001220703125 18 0
 2.6624670822171524e-44 2.382207389352189e-44 38.4900016784668 2.5223372357846707e-44 19 0
 2.382207389352189e-44 38.5 2.5223372357846707e-44 2.6624670822171524e-44 17 0
 38.529998779296875 2.5223372357846707e-44 2.6624670822171524e-44 2.382207389352189e-44 13107 16922
 2.5223372357846707e-44 2.6624670822171524e-44 2.382207389352189e-44 38.56999969482422 18 0
 2.6624670822171524e-44 2.382207389352189e-44 38.59000015258789 2.5223372357846707e-44 19 0
 2.382207389352189e-44 38.61000061035156 2.5223372357846707e-44 2.6624670822171524e-44 17 0
 38.630001068115234 2.5223372357846707e-44 2.6624670822171524e-44 2.382207389352189e-44 39322 16922
 2.5223372357846707e-44 2.6624670822171524e-44 2.382207389352189e-44 38.66999816894531 18 0
 2.6624670822171524e-44 2.382207389352189e-44 38.689998626708984 2.5223372357846707e-44 19 0
 2.382207389352189e-44 38.709999084472656 2.5223372357846707e-44 2.6624670822171524e-44 17 0
 38.720001220703125 2.5223372357846707e-44 2.6624670822171524e-44 2.382207389352189e-44 0 16923
 2.5223372357846707e-44 2.6624670822171524e-44 2.382207389352189e-44 38.77000045776367 18 0
 2.6624670822171524e-44 2.382207389352189e-44 38.790000915527344 2.5223372357846707e-44 19 0
 2.382207389352189e-44 38.810001373291016 2.5223372357846707e-44 2.6624670822171524e-44 17 0
 38.83000183105469 2.5223372357846707e-44 2.6624670822171524e-44 2.382207389352189e-44 26214 16923
 2.5223372357846707e-44 2.6624670822171524e-44 2.382207389352189e-44 38.869998931884766 18 0
 2.6624670822171524e-44 2.382207389352189e-44 38.88999938964844 2.5223372357846707e-44 19 0
 2.382207389352189e-44 38.90999984741211 2.5223372357846707e-44 2.6624670822171524e-44 17 0
 38.93000030517578 2.5223372357846707e-44 2.6624670822171524e-44 2.382207389352189e-44 49807 16923
 2.5223372357846707e-44 2.6624670822171524e-44 2.382207389352189e-44 38.970001220703125 18 0
 2.6624670822171524e-44 2.382207389352189e-44 38.9900016784668 2.5223372357846707e-44 19 0
 2.382207389352189e-44 39.0099983215332 2.5223372357846707e-44 2.6624670822171524e-44 17 0
 39.029998779296875 2.5223372357846707e-44 2.6624670822171524e-44 2.382207389352189e-44 13107 16924
 2.5223372357846707e-44 2.6624670822171524e-44 2.382207389352189e-44 39.06999969482422 18 0
 2.6624670822171524e-44 2.382207389352189e-44 39.09000015258789 2.5223372357846707e-44 19 0
 2.382207389352189e-44 39.11000061035156 2.5223372357846707e-44 2.6624670822171524e-44 17 0
 39.130001068115234 2.5223372357846707e-44 2.6624670822171524e-44 2.382207389352189e-44 39322 16924
 2.5223372357846707e-44 2.6624670822171524e-44 2.382207389352189e-44 39.15999984741211 18 0
 2.6624670822171524e-44 2.382207389352189e-44 39.189998626708984 2.5223372357846707e-44 19 0
 2.382207389352189e-44 39.209999084472656 2.5223372357846707e-44 2.6624670822171524e-44 17 0
 39.22999954223633 2.5223372357846707e-44 2.6624670822171524e-44 2.382207389352189e-44 0 16925
 2.5223372357846707e-44 2.6624670822171524e-44 2.382207389352189e-44 39.27000045776367 18 0
 2.6624670822171524e-44 2.382207389352189e-44 39.290000915527344 2.5223372357846707e-44 19 0
 2.382207389352189e-44 39.310001373291016 2.5223372357846707e-44 2.6624670822171524e-44 17 0
 39.33000183105469 2.5223372357846707e-44 2.6624670822171524e-44 2.382207389352189e-44 26214 16925
 2.5223372357846707e-44 2.6624670822171524e-44 2.382207389352189e-44 39.369998931884766 18 0
 2.6624670822171524e-44 2.382207389352189e-44 39.380001068115234 2.5223372357846707e-44 19 0
 2.382207389352189e-44 39.40999984741211 2.5223372357846707e-44 2.6624670822171524e-44 17 0
 39.43000030517578 2.5223372357846707e-44 2.6624670822171524e-44 2.382207389352189e-44 52429 16925
 2.5223372357846707e-44 2.6624670822171524e-44 2.382207389352189e-44 39.470001220703125 18 0
 2.6624670822171524e-44 2.382207389352189e-44 39.4900016784668 2.5223372357846707e-44 19 0
 2.382207389352189e-44 39.5099983215332 2.5223372357846707e-44 2.6624670822171524e-44 17 0
 39.529998779296875 2.5223372357846707e-44 2.6624670822171524e-44 2.382207389352189e-44 13107 16926
 2.5223372357846707e-44 2.6624670822171524e-44 2.382207389352189e-44 39.56999969482422 18 0
 2.6624670822171524e-44 2.382207389352189e-44 39.59000015258789 2.5223372357846707e-44 19 0
 2.382207389352189e-44 39.599998474121094 2.5223372357846707e-44 2.6624670822171524e-44 17 0
 39.630001068115234 2.5223372357846707e-44 2.6624670822171524e-44 2.382207389352189e-44 39322 16926
 2.5223372357846707e-44 2.6624670822171524e-44 2.382207389352189e-44 39.66999816894531 18 0
 2.6624670822171524e-44 2.382207389352189e-44 39.689998626708984 2.5223372357846707e-44 19 0
 2.382207389352189e-44 39.709999084472656 2.5223372357846707e-44 2.6624670822171524e-44 17 0
 39.72999954223633 2.5223372357846707e-44 2.6624670822171524e-44 2.382207389352189e-44 0 16927
 2.5223372357846707e-44 2.6624670822171524e-44 2.382207389352189e-44 39.77000045776367 18 0
 2.6624670822171524e-44 2.382207389352189e-44 39.790000915527344 2.5223372357846707e-44 19 0
 2.382207389352189e-44 39.810001373291016 2.5223372357846707e-44 2.6624670822171524e-44 17 0
 39.81999969482422 2.5223372357846707e-44 2.6624670822171524e-44 2.382207389352189e-44 26214 16927
 2.5223372357846707e-44 2.6624670822171524e-44 2.382207389352189e-44 39.869998931884766 18 0
 2.6624670822171524e-44 2.382207389352189e-44 39.88999938964844 2.5223372357846707e-44 19 0
 2.382207389352189e-44 39.90999984741211 2.5223372357846707e-44 2.6624670822171524e-44 17 0
 39.95000076293945 2.5223372357846707e-44 2.6624670822171524e-44 2.382207389352189e-44 57672 16927
 2.5223372357846707e-44 2.6624670822171524e-44 2.382207389352189e-44 39.9900016784668 18 0
 2.6624670822171524e-44 2.382207389352189e-44 40.0099983215332 2.5223372357846707e-44 19 0
 2.382207389352189e-44 40.029998779296875 2.5223372357846707e-44 2.6624670822171524e-44 17 0
 40.040000915527344 2.5223372357846707e-44 2.6624670822171524e-44 2.382207389352189e-44 18350 16928
 2.5223372357846707e-44 2.6624670822171524e-44 2.382207389352189e-44 40.09000015258789 18 0
 2.6624670822171524e-44 2.382207389352189e-44 40.11000061035156 2.5223372357846707e-44 19 0
 2.382207389352189e-44 40.130001068115234 2.5223372357846707e-44 2.6624670822171524e-44 17 0
 40.150001525878906 2.5223372357846707e-44 2.6624670822171524e-44 2.382207389352189e-44 44564 16928
 2.5223372357846707e-44 2.6624670822171524e-44 2.382207389352189e-44 40.189998626708984 18 0
 2.6624670822171524e-44 2.382207389352189e-44 40.209999084472656 2.5223372357846707e-44 19 0
 2.382207389352189e-44 40.22999954223633 2.5223372357846707e-44 2.6624670822171524e-44 17 0
 40.25 2.5223372357846707e-44 2.6624670822171524e-44 2.382207389352189e-44 2621 16929
 2.5223372357846707e-44 2.6624670822171524e-44 2.382207389352189e-44 40.290000915527344 18 0
 2.6624670822171524e-44 2.382207389352189e-44 40.310001373291016 2.5223372357846707e-44 19 0
 2.382207389352189e-44 40.33000183105469 2.5223372357846707e-44 2.6624670822171524e-44 17 0
 40.349998474121094 2.5223372357846707e-44 2.6624670822171524e-44 2.382207389352189e-44 31457 16929
 2.5223372357846707e-44 2.6624670822171524e-44 2.382207389352189e-44 40.38999938964844 18 0
 2.6624670822171524e-44 2.382207389352189e-44 40.40999984741211 2.5223372357846707e-44 19 0
 2.382207389352189e-44 40.43000030517578 2.5223372357846707e-44 2.6624670822171524e-44 17 0
 40.45000076293945 2.5223372357846707e-44 2.6624670822171524e-44 2.382207389352189e-44 57672 16929
 2.5223372357846707e-44 2.6624670822171524e-44 2.382207389352189e-44 40.47999954223633 18 0
 2.6624670822171524e-44 2.382207389352189e-44 40.5099983215332 2.5223372357846707e-44 19 0
 2.382207389352189e-44 40.529998779296875 2.5223372357846707e-44 2.6624670822171524e-44 17 0
 40.54999923706055 2.5223372357846707e-44 2.6624670822171524e-44 2.382207389352189e-44 18350 16930
