 47.83000183105469 13.622705459594727 12.246650695800781 18.791244506835938 26214 16959
 13.62045669555664 12.245662689208984 18.781877517700195 47.90299987792969 54193 16729
 12.239474296569824 18.770265579223633 47.90999984741211 13.61262035369873 54860 16707
 18.769237518310547 47.91999816894531 13.61262035369873 12.239818572998047 10086 16790
 47.96099853515625 13.607898712158203 12.233962059020996 18.757122039794922 55312 16959
 13.607898712158203 12.233962059020996 18.757122039794922 47.96099853515625 47604 16729
 12.233962059020996 18.757122039794922 48.01100158691406 13.60449504852295 46095 16707
 18.746807098388672 48.029998779296875 13.602782249450684 12.229619979858398 59685 16789
 48.029998779296875 13.602782249450684 12.229619979858398 18.738840103149414 13107 16960
 13.598733901977539 12.229626655578613 18.729808807373047 48.06999969482422 33694 16729
 12.2242431640625 18.725419998168945 48.06999969482422 13.594633102416992 38528 16707
 18.725419998168945 48.130001068115234 13.586846351623535 12.22021484375 43807 16789
 48.130001068115234 13.586846351623535 12.22021484375 18.708555221557617 39322 16960
 13.582632064819336 12.218782424926758 18.700057983398438 48.16999816894531 18486 16729
 12.21997356414795 18.695310592651367 48.18000030517578 13.580129623413086 34051 16707
 18.695310592651367 48.231998443603516 13.570940971374512 12.2168607711792 28588 16789
 48.250999450683594 13.570216178894043 12.214134216308594 18.675838470458984 5505 16961
 13.569128036499023 12.214241027832031 18.667510986328125 48.270999908447266 6950 16729
 12.214241027832031 18.667510986328125 48.29100036621094 13.56859302520752 25043 16707
 18.667142868041992 48.34199905395508 13.562231063842773 12.207804679870605 15202 16789
 48.361000061035156 13.561300277709961 12.204829216003418 18.647241592407227 29098 16961
 13.561300277709961 12.204829216003418 18.647241592407227 48.369998931884766 60089 16728
 12.205879211425781 18.63862419128418 48.38999938964844 13.560929298400879 18095 16707
 18.65132713317871 48.400001525878906 13.56631851196289 12.199645042419434 17805 16789
 48.45100021362305 13.531323432922363 12.21099853515625 18.636747360229492 55050 16961
 13.542537689208984 12.202040672302246 18.680524826049805 48.470001220703125 44604 16728
 12.202040672302246 18.680524826049805 48.4900016784668 13.534191131591797 21575 16707
 18.584762573242188 48.5099983215332 13.522132873535156 12.219167709350586 21325 16788
 48.55500030517578 13.512899398803711 12.198996543884277 18.639591217041016 15729 16962
 13.50193977355957 12.20998764038086 18.585325241088867 48.56999969482422 60604 16727
 12.217549324035645 18.549793243408203 48.59000015258789 13.495296478271484 31509 16707
 18.549793243408203 48.619998931884766 13.49453353881836 12.209046363830566 28892 16788
 48.619998931884766 13.49453353881836 12.209046363830566 18.55510711669922 47448 16962
 13.490756034851074 12.197937965393066 18.61323356628418 48.680999755859375 55843 16727
 12.197937965393066 18.61323356628418 48.70000076293945 13.483845710754395 23645 16707
 18.549081802368164 48.709999084472656 13.481731414794922 12.20873737335205 26334 16788
 48.72999954223633 13.48231315612793 12.203289031982422 18.57161521911621 5767 16963
 13.469531059265137 12.207900047302246 18.54627227783203 48.779998779296875 32608 16727
 12.205283164978027 18.551115036010742 48.790000915527344 13.469324111938477 16231 16707
 18.55588722229004 48.810001373291016 13.469939231872559 12.203407287597656 23517 16788
 48.83000183105469 13.469939231872559 12.203407287597656 18.54485511779785 23593 16963
 13.469939231872559 12.203407287597656 18.54485511779785 48.902000427246094 26361 16727
 12.199527740478516 18.521638870239258 48.92100143432617 13.46104621887207 10254 16707
 18.52019500732422 48.92100143432617 13.46104621887207 12.19727897644043 10588 16788
 48.939998626708984 13.456043243408203 12.195144653320312 18.519437789916992 52429 16963
 13.453741073608398 12.193327903747559 18.509645462036133 48.95000076293945 17030 16727
 12.193327903747559 18.509645462036133 49.0099983215332 13.44277572631836 1584 16707
 18.49380111694336 49.0099983215332 13.44277572631836 12.189010620117188 62286 16787
 49.029998779296875 13.44179630279541 12.188552856445312 18.493257522583008 13107 16964
 13.439316749572754 12.185149192810059 18.485830307006836 49.060001373291016 537 16727
 12.184914588928223 18.480670928955078 49.104000091552734 13.43518352508545 60641 16706
 18.47461700439453 49.11000061035156 13.433232307434082 12.182038307189941 50538 16787
 49.130001068115234 13.433232307434082 12.182038307189941 18.471393585205078 44827 16964
 13.42763900756836 12.176175117492676 18.46070098876953 49.17100143432617 55196 16726
 12.176175117492676 18.46070098876953 49.22100067138672 13.421026229858398 49239 16706
 18.446556091308594 49.2400016784668 13.419872283935547 12.168521881103516 37459 16787
 49.2400016784668 13.419872283935547 12.168521881103516 18.446447372436523 0 16965
 13.417378425598145 12.168716430664062 18.43731689453125 49.27000045776367 43335 16726
 12.168999671936035 18.43344497680664 49.279998779296875 13.413280487060547 44704 16706
 18.42963218688965 49.33599853515625 13.405534744262695 12.165939331054688 23806 16787
 49.34000015258789 13.40331745147705 12.164419174194336 18.41788673400879 26214 16965
 13.40300464630127 12.164900779724121 18.41446304321289 49.369998931884766 29365 16726
 12.164900779724121 18.41446304321289 49.38999938964844 13.40300464630127 41839 16706
 18.41446304321289 49.38999938964844 13.40300464630127 12.164900779724121 20690 16787
 49.45100021362305 13.390338897705078 12.160253524780273 18.391681671142578 57934 16965
 13.386384963989258 12.156588554382324 18.390716552734375 49.47100067138672 11938 16726
 12.156588554382324 18.390716552734375 49.4900016784668 13.382576942443848 30681 16706
 18.38525390625 49.5 13.378639221191406 12.151822090148926 2555 16787
 49.55799865722656 13.373031616210938 12.149706840515137 18.370832443237305 18350 16966
 13.371919631958008 12.148984909057617 18.36980628967285 49.56999969482422 62306 16725
 12.148984909057617 18.36980628967285 49.59000015258789 13.370085716247559 23943 16706
 18.362594604492188 49.61000061035156 13.369241714477539 12.1477632522583 57933 16786
 49.65399932861328 13.363028526306152 12.147368431091309 18.34902572631836 41943 16966
 13.360529899597168 12.146279335021973 18.34635353088379 49.66999816894531 49516 16725
 12.145890235900879 18.34541893005371 49.69200134277344 13.355731010437012 20161 16706
 18.342437744140625 49.709999084472656 13.355731010437012 12.144227027893066 48464 16786
 49.720001220703125 13.355731010437012 12.144227027893066 18.342437744140625 8389 16967
 13.346938133239746 12.142197608947754 18.32444190979004 49.801998138427734 35487 16725
 12.142876625061035 18.323015213012695 49.801998138427734 13.346343040466309 18745 16706
 18.323015213012695 49.821998596191406 13.3472900390625 12.141838073730469 33682 16786
 49.83000183105469 13.345059394836426 12.143411636352539 18.3048038482666 20972 16967
 13.345059394836426 12.143411636352539 18.3048038482666 49.91999816894531 24848 16725
 12.136643409729004 18.292648315429688 49.93000030517578 13.336196899414062 12209 16706
 18.292648315429688 49.93000030517578 13.336196899414062 12.136643409729004 22360 16786
 49.939998626708984 13.332002639770508 12.137042045593262 18.290719985961914 49807 16967
 13.332002639770508 12.137042045593262 18.290719985961914 49.994998931884766 15023 16725
 12.133591651916504 18.281417846679688 50.02000045776367 13.323701858520508 9421 16706
 18.276771545410156 50.029998779296875 13.323295593261719 12.132831573486328 13663 16786
 50.029998779296875 13.323295593261719 12.132831573486328 18.276060104370117 13107 16968
 13.320853233337402 12.13295841217041 18.268604278564453 50.112998962402344 1019 16725
 12.131268501281738 18.26130485534668 50.112998962402344 13.313471794128418 6573 16706
 18.26130485534668 50.13199996948242 13.310568809509277 12.131349563598633 1852 16786
 50.13199996948242 13.310568809509277 12.131349563598633 18.25353240966797 39846 16968
 13.31108283996582 12.131684303283691 18.248580932617188 50.15999984741211 61931 16724
 12.127888679504395 18.24824333190918 50.21500015258789 13.301582336425781 20 16706
 18.238706588745117 50.22999954223633 13.301909446716309 12.122992515563965 58472 16785
 50.22999954223633 13.301909446716309 12.122992515563965 18.236526489257812 0 16969
 13.299736022949219 12.12221622467041 18.231517791748047 50.27000045776367 49497 16724
 12.121691703796387 18.227401733398438 50.32400131225586 13.294090270996094 59480 16705
 18.222917556762695 50.33000183105469 13.292427062988281 12.118175506591797 50479 16785
 50.34000015258789 13.292427062988281 12.118175506591797 18.221281051635742 34341 16969
 13.28870677947998 12.117191314697266 18.20513916015625 50.38100051879883 40587 16724
 12.117191314697266 18.20513916015625 50.38100051879883 13.28870677947998 57348 16705
 18.20513916015625 50.430999755859375 13.282081604003906 12.11564826965332 39337 16785
 50.45000076293945 13.281993865966797 12.115464210510254 18.193689346313477 52429 16969
 13.281993865966797 12.115464210510254 18.193689346313477 50.470001220703125 31262 16724
 12.113868713378906 18.190555572509766 50.4900016784668 13.277517318725586 53581 16705
 18.186574935913086 50.4900016784668 13.277517318725586 12.113598823547363 32283 16785
 50.54999923706055 13.273695945739746 12.110350608825684 18.174928665161133 13107 16970
 13.273695945739746 12.110350608825684 18.174928665161133 50.56999969482422 23228 16724
 12.110502243041992 18.172639846801758 50.59000015258789 13.270512580871582 48308 16705
 18.167516708374023 50.599998474121094 13.270512580871582 12.108570098876953 22291 16785
 50.652000427246094 13.265754699707031 12.103493690490723 18.160043716430664 44827 16970
 13.264047622680664 12.103031158447266 18.15252113342285 50.67100143432617 14730 16724
 12.103031158447266 18.15252113342285 50.691001892089844 13.261595726013184 39522 16705
 18.14773941040039 50.709999084472656 13.258366584777832 12.098672866821289 11005 16785
 50.757999420166016 13.255656242370605 12.093206405639648 18.137067794799805 5243 16971
 13.254302024841309 12.093340873718262 18.13469886779785 50.77000045776367 4511 16724
 12.093340873718262 18.13469886779785 50.790000915527344 13.251555442810059 30829 16705
 18.131792068481445 50.810001373291016 13.2494535446167 12.09317398071289 1948 16785
 50.81999969482422 13.249188423156738 12.093250274658203 18.126907348632812 32244 16971
 13.245013236999512 12.09511947631836 18.119123458862305 50.87300109863281 60307 16723
 12.09511947631836 18.119123458862305 50.891998291015625 13.242697715759277 33689 16705
 18.11442756652832 50.9119987487793 13.239903450012207 12.09451961517334 57216 16784
 50.930999755859375 13.236785888671875 12.093775749206543 18.106929779052734 60293 16971
 13.232915878295898 12.093093872070312 18.097888946533203 50.9900016784668 45475 16723
 12.09194278717041 18.092388153076172 51.0 13.230868339538574 30873 16705
 18.092388153076172 51.0099983215332 13.230969429016113 12.09095287322998 46893 16784
 51.029998779296875 13.230229377746582 12.089423179626465 18.08830451965332 10486 16972
 13.227828025817871 12.088262557983398 18.084457397460938 51.09600067138672 39612 16723
 12.086522102355957 18.07546615600586 51.099998474121094 13.22618579864502 23938 16705
 18.0732479095459 51.11000061035156 13.224472999572754 12.0863037109375 37242 16784
 51.130001068115234 13.224472999572754 12.0863037109375 18.071033477783203 39322 16972
 13.224472999572754 12.0863037109375 18.071033477783203 51.150001525878906 38769 16723
 12.0863037109375 18.071033477783203 51.21099853515625 13.215518951416016 15304 16705
 18.053443908691406 51.23099899291992 13.213411331176758 12.079290390014648 26335 16784
 51.23099899291992 13.213411331176758 12.079290390014648 18.050230026245117 0 16973
 13.210119247436523 12.077385902404785 18.047569274902344 51.2599983215332 22263 16723
 12.074775695800781 18.044239044189453 51.33399963378906 13.203503608703613 11356 16705
 18.034677505493164 51.34000015258789 13.20168399810791 12.07080078125 17631 16784
 51.349998474121094 13.20168399810791 12.07080078125 18.033628463745117 26214 16973
 13.20168399810791 12.07080078125 18.033628463745117 51.369998931884766 10962 16723
 12.073418617248535 18.021408081054688 51.42100143432617 13.19361400604248 9121 16705
 18.018476486206055 51.43000030517578 13.19174861907959 12.073898315429688 7363 16784
 51.43000030517578 13.19174861907959 12.073898315429688 18.0140438079834 52429 16973
 13.190146446228027 12.07213306427002 18.012046813964844 51.470001220703125 63777 16722
 12.072426795959473 18.00823974609375 51.47999954223633 13.185822486877441 10409 16705
 18.00823974609375 51.53099822998047 13.179461479187012 12.069351196289062 63757 16783
 51.55099868774414 13.1767578125 12.068904876708984 17.99353790283203 18612 16974
 13.175195693969727 12.069413185119629 17.992956161499023 51.58000183105469 50774 16722
 12.06726360321045 17.98912239074707 51.59000015258789 13.173421859741211 4995 16705
 17.98912239074707 51.63800048828125 13.170456886291504 12.067338943481445 55696 16783
 51.650001525878906 13.170692443847656 12.06766414642334 17.980228424072266 39322 16974
 13.170692443847656 12.06766414642334 17.980228424072266 51.66999816894531 41586 16722
 12.068927764892578 17.97307014465332 51.689998626708984 13.161818504333496 3974 16705
 17.971927642822266 51.70000076293945 13.160555839538574 12.065421104431152 50309 16783
 51.75400161743164 13.157240867614746 12.063854217529297 17.962528228759766 2621 16975
 13.157240867614746 12.063854217529297 17.962528228759766 51.80099868774414 29621 16722
 12.061198234558105 17.95526123046875 51.810001373291016 13.151508331298828 62583 16704
 17.9522762298584 51.810001373291016 13.151508331298828 12.059683799743652 40515 16783
 51.810001373291016 13.151508331298828 12.059683799743652 17.9522762298584 32768 16975
 13.1416015625 12.059760093688965 17.943017959594727 51.88999938964844 16763 16722
 12.05967903137207 17.942806243896484 51.88999938964844 13.140986442565918 62578 16704
 17.942806243896484 51.90999984741211 13.140735626220703 12.058082580566406 33701 16783
 51.91999816894531 13.138955116271973 12.059294700622559 17.93545150756836 59245 16975
 13.133225440979004 12.056242942810059 17.925752639770508 51.98099899291992 6647 16722
 12.056644439697266 17.92465591430664 51.9900016784668 13.12993049621582 57823 16704
 17.924110412597656 52.0099983215332 13.127875328063965 12.054216384887695 23436 16783
 52.029998779296875 13.127345085144043 12.051753997802734 17.916244506835938 21496 16976
 13.124022483825684 12.050681114196777 17.910037994384766 52.10200119018555 63754 16721
 12.050185203552246 17.907459259033203 52.12200164794922 13.12248420715332 52483 16704
 17.903316497802734 52.12200164794922 13.12248420715332 12.05005168914795 14846 16783
 52.14099884033203 13.12076187133789 12.048994064331055 17.901500701904297 36962 16976
 13.12076187133789 12.048994064331055 17.901500701904297 52.20500183105469 58240 16721
 12.046182632446289 17.88881492614746 52.209999084472656 13.116943359375 49408 16704
 17.886499404907227 52.220001220703125 13.11549186706543 12.048934936523438 5186 16783
 52.22999954223633 13.11549186706543 12.048934936523438 17.884891510009766 0 16977
 13.113101959228516 12.04853343963623 17.88252830505371 52.314998626708984 47128 16721
 12.047444343566895 17.870378494262695 52.31999969482422 13.106958389282227 49047 16704
 17.871585845947266 52.31999969482422 13.106958389282227 12.046774864196777 63746 16782
 52.33000183105469 13.105849266052246 12.044775009155273 17.87103271484375 26214 16977
 13.105849266052246 12.044775009155273 17.87103271484375 52.36000061035156 45455 16721
 12.044775009155273 17.87103271484375 52.422000885009766 13.098278999328613 48903 16704
 17.854639053344727 52.441001892089844 13.097014427185059 12.045784950256348 53546 16782
 52.441001892089844 13.097014427185059 12.045784950256348 17.852130889892578 55050 16977
 13.094993591308594 12.045628547668457 17.849409103393555 52.470001220703125 32292 16721
 12.045068740844727 17.84584617614746 52.470001220703125 13.09329605102539 47258 16704
